2.392652124352315224e-02 0.000000000000000000e+00 8.274872559021950964e-09 2.827433388230813915e-01
1.543327911796221362e-03 0.000000000000000000e+00 1.981447672344577974e-10 4.712388980384689674e-01
3.269141386688019534e-04 0.000000000000000000e+00 3.650650248513901107e-12 4.712388980384689674e-01
9.880785216130360301e-05 0.000000000000000000e+00 2.180578750220930803e-12 4.398229715025711029e-01
4.732138480473248798e-05 0.000000000000000000e+00 2.061699286983633293e-12 4.398229715025711029e-01
3.686041925698546173e-05 0.000000000000000000e+00 4.106123716209344841e-12 5.340707511102649185e-01
2.944953203740702550e-05 0.000000000000000000e+00 4.629696985289738093e-12 6.283185307179586232e-01
2.378831612172768525e-05 0.000000000000000000e+00 4.079228530947931187e-12 6.911503837897544633e-01
1.930065872596157617e-05 0.000000000000000000e+00 3.074962193058561735e-12 7.225663103256524389e-01
1.567517143873562886e-05 0.000000000000000000e+00 2.044060492679096111e-12 7.539822368615503034e-01
1.273002574312669917e-05 0.000000000000000000e+00 1.229757863954078282e-12 7.853981633974482790e-01
8.403933489287104309e-06 0.000000000000000000e+00 3.813234438826204213e-13 8.796459430051422057e-01
5.580963180460817544e-06 0.000000000000000000e+00 1.209409677181620514e-13 9.738937226128359104e-01
