2.385154585438132788e-02 0.000000000000000000e+00 5.497128345618478969e-06 9.424777960769378793e-02
1.569965868078252282e-03 0.000000000000000000e+00 9.221409073367208275e-08 1.570796326794896558e-01
3.514642882289807841e-04 0.000000000000000000e+00 2.326955542693067204e-09 2.199114857512855514e-01
1.016597919134124196e-04 0.000000000000000000e+00 2.942330417519758513e-11 2.827433388230813915e-01
4.799319975308450860e-05 0.000000000000000000e+00 5.709426196976829814e-12 3.769911184307751517e-01
3.711659361669524996e-05 0.000000000000000000e+00 2.491250845575266953e-11 2.827433388230813915e-01
2.948524866637389932e-05 0.000000000000000000e+00 1.326797049312785410e-11 2.827433388230813915e-01
2.372222802589029852e-05 0.000000000000000000e+00 6.044323768560201825e-12 3.141592653589793116e-01
1.919500323727655776e-05 0.000000000000000000e+00 2.764380440507370446e-12 3.141592653589793116e-01
1.555993340251081902e-05 0.000000000000000000e+00 1.484492740944669901e-12 3.455751918948772317e-01
1.261909231563496659e-05 0.000000000000000000e+00 8.618405093544096270e-13 3.455751918948772317e-01
8.315253888229131145e-06 0.000000000000000000e+00 4.586109765449661439e-13 4.398229715025711029e-01
5.515602903479090536e-06 0.000000000000000000e+00 1.902222208002128287e-13 5.969026041820606476e-01
