1.070091950987473473e-07 3.769911184307751517e-01 2.199114857512855514e-01 3.454619668070012792e-07 3.926990816987241395e-01 5.026548245743669430e-01
8.239304723950603604e-07 1.005309649148733886e+00 5.340707511102649185e-01 1.953650611367436242e-06 7.382742735936014267e-01 1.005309649148733886e+00
3.830753138067623585e-07 1.476548547187202853e+00 1.036725575684631639e+00 1.071677659028985682e-06 9.896016858807847871e-01 1.507964473723100607e+00
7.809522402870677122e-08 1.947787445225671821e+00 1.570796326794896558e+00 2.270761871316045724e-07 1.225221134900019493e+00 2.010619298297467772e+00
1.590001513318598651e-08 2.450442269800038542e+00 2.073451151369263723e+00 5.694281415390623991e-08 1.476548547187202853e+00 2.513274122871834493e+00
7.417776455599368896e-09 2.701769682087221902e+00 2.230530784048752935e+00 3.266408443151150595e-08 1.649336143134641386e+00 2.764601535159017853e+00
3.324697976785998833e-09 2.921681167838507953e+00 2.387610416728242591e+00 1.903626102045953127e-08 1.822123739082079918e+00 3.015928947446201214e+00
1.463516540817301203e-09 3.173008580125690870e+00 2.576105975943630444e+00 1.159753044706495547e-08 1.979203371761569574e+00 3.267256359733385018e+00
1.128388488626706230e-09 2.921681167838507953e+00 2.796017461694916051e+00 7.745000126361686187e-09 2.120575041173110353e+00 3.518583772020568823e+00
9.860161727228777496e-10 3.110176727053895362e+00 3.015928947446201214e+00 5.789963449582019013e-09 2.261946710584650688e+00 3.769911184307751739e+00
8.974663638252089804e-10 3.330088212805180969e+00 3.235840433197486821e+00 4.769682385223841474e-09 2.403318379996191467e+00 4.021238596594935544e+00
7.368962131240137230e-10 3.738495257771853542e+00 3.644247478164159837e+00 3.797436430608722718e-09 2.701769682087221902e+00 4.523893421169302265e+00
5.991979609013157132e-10 4.146902302738527446e+00 4.052654523130833297e+00 3.223722389228092223e-09 3.000220984178252337e+00 5.026548245743668986e+00
