0.000000000000000000e+00
2.500000000000000486e-03
5.000000000000000971e-03
7.499999999999999722e-03
1.000000000000000194e-02
1.250000000000000069e-02
1.499999999999999944e-02
1.749999999999999820e-02
2.000000000000000389e-02
2.250000000000000264e-02
2.500000000000000139e-02
2.750000000000000361e-02
2.999999999999999889e-02
3.250000000000000111e-02
3.499999999999999639e-02
3.750000000000000555e-02
4.000000000000000777e-02
4.250000000000000305e-02
4.500000000000000527e-02
4.750000000000000056e-02
5.000000000000000278e-02
5.250000000000000500e-02
5.500000000000000722e-02
5.749999999999999556e-02
5.999999999999999778e-02
6.250000000000000000e-02
6.500000000000000222e-02
6.750000000000000444e-02
6.999999999999999278e-02
7.249999999999999500e-02
7.500000000000001110e-02
7.750000000000001332e-02
8.000000000000001554e-02
8.250000000000000389e-02
8.500000000000000611e-02
8.750000000000000833e-02
9.000000000000001055e-02
9.250000000000001277e-02
9.500000000000000111e-02
9.750000000000000333e-02
1.000000000000000056e-01
1.024999999999999939e-01
1.050000000000000100e-01
1.074999999999999983e-01
1.100000000000000144e-01
1.125000000000000028e-01
1.149999999999999911e-01
1.175000000000000072e-01
1.199999999999999956e-01
1.225000000000000117e-01
1.250000000000000000e-01
1.275000000000000022e-01
1.300000000000000044e-01
1.325000000000000344e-01
1.350000000000000089e-01
1.374999999999999833e-01
1.399999999999999856e-01
1.425000000000000155e-01
1.449999999999999900e-01
1.474999999999999922e-01
1.500000000000000222e-01
1.525000000000000244e-01
1.550000000000000266e-01
1.575000000000000011e-01
1.600000000000000311e-01
1.625000000000000333e-01
1.650000000000000078e-01
1.674999999999999822e-01
1.700000000000000122e-01
1.725000000000000144e-01
1.750000000000000167e-01
1.774999999999999911e-01
1.800000000000000211e-01
1.825000000000000233e-01
1.850000000000000255e-01
1.875000000000000000e-01
1.900000000000000022e-01
1.925000000000000044e-01
1.950000000000000067e-01
1.975000000000000089e-01
